1#AA:-2697.13 -4729.3 -4531.86 -1444.74 -5277.37 -3803.03 -733.523 -729.31 -2150.07 -1126.78 4663.14 4635.23 6392.12 5919.76 5612.86 
2#AA:878.463 -2042.44 -2236.01 3358.68 -3008.54 -1161.89 1659.14 1218.13 4264.43 1217.89 -1637.82 -2021.54 -511.706 -233.743 256.934 
3#AA:-2426.75 -448.8 221.285 -2997.56 -896.102 1363.63 2233.22 2538.22 -744.375 2658.33 -945.055 -1019.46 -249.775 232.006 481.197 
4#AA:-686.072 -936.926 -841.287 -340.348 -335.545 2466.44 -599.462 -279.347 1383.37 -154.125 1007.52 1391.56 -165.822 -610.85 -1299.11 
5#AA:1967.65 826.882 -1200.75 -314.179 -1269.41 767.215 1022.54 -413.692 -1270.04 209.04 15.9753 367.614 -347.904 -113.814 -247.116 
6#BB:-770.106 1222.9 -3.36127 22.122 -482.039 -1599.23 894.841 579.361 321.659 11.712 714.503 1186.12 89.3906 -781.701 -1406.17 
7#BB:599.714 -629.77 1698.01 -44.5112 -1274.25 -21.2489 -494.725 523.69 -148.634 -132.731 -123.521 500.384 -260.573 43.8678 -235.709 
8#BB:-518.198 1421.73 132.578 -247.087 -918.346 274.829 -564.798 -470.889 678.568 -162.052 -69.3068 -258.527 -347.818 463.87 585.447 
9#BB:-131.667 -234.037 -2.6614 -122.078 345.14 -166.689 580.328 -383.214 235.66 -241.441 -883.83 1075.82 -941.097 607.944 261.819 
10#BB:-31.7095 -163.247 583.466 -297.409 -156.853 84.7458 823.185 -1081.96 325.183 -135.044 -180.951 -217.226 804.461 -249.136 -107.502 
11#ZC:88.7766 -140.415 85.7564 -242.593 46.9282 18.9048 525.54 248.259 160.027 -855.959 700.217 -471.479 -464.688 266.419 34.3063 
12#ZC:-585.637 102.507 83.5155 844.341 -203.911 450.634 296.494 118.795 -557.242 -451.659 -220.309 12.8419 119.333 -6.59915 -3.10348 
13#ZC:-230.533 -187.127 203.433 354.486 -68.4866 -85.9808 114.88 -550.118 -234.14 647.401 640.159 -64.2926 -607.296 -119.291 186.906 
14#ZC:24.4372 -4.9984 -13.3739 -83.7749 -14.2114 6.53084 41.1987 124.694 57.8152 -195.164 8.49298 202.687 -49.4023 -776.172 671.241 
15#ZC:-99.8978 414.36 507.559 561.989 77.3488 1506.95 -320.52 101.86 423.678 115.736 -56.8128 -253.111 -501.834 -778.01 -1699.29 
